#
234 235
244 235
244 238
302 238
302 250
286 250
286 253
280 253
280 250
244 250
244 253
234 253#

#
234 259
269 259
269 273
250 273
250 282
234 282#

#
272 259
304 259    
304 273
272 273#

#
267 274
275 274
275 281
267 281#

#
272 281
304 281
304 295
272 295#

#
243 282
269 282
269 295
242 295#

#
247 298
256 298
256 311
247 311#

#
258 298
268 298
268 311
258 311#

#
256 312
268 312
268 320
256 320#

#
270 300
280 300
280 306
282 306
282 314
284 314
270 325#

#
272 177
318 177
318 164
272 164#

#
284 180
318 180
318 195
312 196
312 192
298 192
298 196
284 196#

#
308 197
321 197
321 212
308 212#

#
308 212
316 212
316 225
308 225#

#
310 228
316 228
316 225
321 225
321 230
318 230
318 233
321 233
321 236
316 236
316 234
310 233#

#
268 200
297 200
297 225
268 225#

#
268 183
277 183
277 177
281 177
281 182
284 183
284 195 
267 196#

#
307 234
315 234
311 239
311 297
307 300
307 233#

#
268 196
302 196
302 199
268 199#

#
297 199
302 199
303 225
297 225#

#
268 225
303 225
303 228
268 228#

#
444 326
502 326
444 330
501 330#

#
493 326
493 380
503 326
503 380#

#
445 373
501 373
445 380
503 379#

#
509 387
509 492
516 388
511 499#

#
143 240
174 240
143 251
174 251#

#
146 256
170 256
146 287
170 287#

#
147 288
147 304
127 304
127 288#

#
128 233
173 233
176 235
176 308#

#
176 290
147 290
176 288
147 288#

#
127 240
125 240
125 218
127 218#

#
125 241
128 241
128 234
173 234
175 235
175 287
171 287#

#
62 272
86 272
86 281
74 281
74 285
111 285
111 280
125 280
125 308
70 308
70 299
98 299
98 294
62 294#

#
60 233
125 233
125 277
89 277
89 269
118 269
118 266
60 266#

#
30 111
78 111
78 138
30 138#

#
30 140
55 140
55 153
30 153#

#
30 155
55 155
55 158
65 158
65 153
75 153
75 169
65 169
65 166
55 166
55 169
30 169#

#
46 94
71 94
71 99
73 99
73 103
71 103
71 108
47 108
46 99
33 99
33 97#

#
166 455
205 455
205 445
215 445
215 432
209 432
209 428
202 428
202 423
168 423
168 428
162 428
162 432
156 432
156 445
166 445#

#
286 455
325 455
325 445
335 445
335 432
329 432
329 428
322 428
322 423
288 423
288 428
282 428
282 432
276 432
276 445
286 445#

#
207 466
207 476
222 476
226 480
230 476
234 476
234 466#

#
258 466
258 476
262 476
265 480
269 476
285 476
285 466#

#
292 412
311 412
311 397
291 397#

#
266 328
266 344
309 344
309 328#

#
196 328
239 328
239 344
196 344#

#
321 322
334 322
334 326
412 326
412 326
412 344
391 342
391 346
383 346
383 346
383 341
334 341
334 345
321 345#

#
321 374
367 374
367 355
321 355#

#
372 354
372 374
416 374
416 354#

#
331 386
331 403
368 403
368 386#

#
372 385
372 403
415 403
415 384#

#
349 408
337 408
337 424
349 424#

#
353 408
353 424
365 424
365 408#

#
351 427
351 436
365 436
365 427#

#
370 411
370 444
378 444
384 440
388 431
384 431
384 420
381 420
381 411#

#
118 384
118 372
84 372
84 384#

#
84 384
100 384
100 391
84 391#

#
84 391
171 391
171 423
95 423
95 409
134 409
134 403
84 403#

#
137 403
137 409
168 409
168 403#

#
118 372
118 382
128 382
128 379
122 379
121 377#

#
122 368
122 379
171 379
171 325
126 325
126 319
106 319
106 326
103 326
103 318
91 317
91 325
81 325
81 339
87 335
87 361
102 361
102 365
161 364
161 368#

#
139 336
139 352
161 352
161 336#

#
71 387
55 387
55 421
71 421#

#
74 379
37 379
37 369
74 369#

#
77 355
35 355
35 341
77 341#

#
77 338
45 338
45 322
77 322#

#
143 274
143 298
239 298
239 274#

#
143 236
143 260
239 260
239 236#

#
254 236
254 260
350 260
350 236#

#
254 274
254 298
350 298
350 274#

#
135 305
135 288
88 288
88 305#

#
69 282
39 282
39 267
69 267#

#
76 267
86 277
103 277
112 266
112 251
102 241
86 241
76 251#

#
371 241
435 241
435 224
371 224#


#
365 273
365 308
407 308
407 273#

#
389 268
389 248
435 248
435 267
427 267
427 262
407 262
407 268
389 268#

#
421 291
421 308
433 308
433 291#

#
421 270
421 289
440 289
440 270#

#
424 312
424 320
431 320
431 323
438 323
438 310
432 310
432 312#

#
374 218
408 221
442 221
442 214
402 213
375 211#

#
375 176
439 183
440 163
376 156#

#
372 203
446 211
447 194
374 187#

#
375 150
457 156
461 114
451 113
448 146
375 139#

#
400 99
398 135
414 135
416 100#

#
467 98
395 91
394 94
369 92
370 76
468 84#

#
451 97
451 104
464 109
464 98#

#
154 62
193 62
193 102
154 102#

#
370 36
369 61
383 61
383 36#

#
389 34
388 62
408 64
408 36#

#
386 31
414 33
413 18
387 17#

#
371 26
370 32
382 32
382 20#

#
314 45
314 106
353 105
353 97
359 97
359 44#

#
262 65
262 78
266 78
270 81
270 91
276 97
288 101
298 100
298 98
306 93
306 81
309 81
309 68
301 68
301 55
294 49
283 49
284 47
273 47
265 53
265 66#

#
197 102
231 102
231 50
226 50
226 47
223 47
223 43
191 42
191 57
197 57#

#
67 51
134 51
134 64
66 64#

#
67 71
133 71
133 82
67 82#

#
46 103
46 116
67 116
67 103#

#
67 97
67 123
105 123
105 110
96 110
96 97
91 97
91 110
73 110
73 97#

#
62 129
62 133
46 133
46 137
63 137
64 148
98 148
98 142
102 142
102 135
97 135
97 129

#
40 153
106 153
106 189
41 188#

#
40 191
76 191
76 209
40 209#

#
40 212 
76 212
76 232
42 232

#
76 216
89 212
89 210
103 210
103 232
89 232
89 227
76 228#

#
120 128
170 128
170 157
120 157#

#
120 165
120 204
130 204
130 193
142 193
142 204
152 204
152 192
170 192
170 165#

#
309 129
309 216
340 216
340 129#

#
262 189
301 189
305 184
305 171
300 167
270 167
258 179
258 185#

#
195 140
215 158
236 139
215 119#

#
259 133
300 133
305 137
305 151
300 155
270 155
259 145#

#
201 173
197 177
197 188
201 192
205 190
209 194
206 198
210 202
222 202
225 198
223 194
228 190
231 193
234 189
234 178
231 173
227 175
223 172
225 168
221 164
210 164
206 168
209 171
204 175#

#
22 48
28 48
28 91
22 91#

#
29 48
97 48
97 52
29 52#

#
48 13
48 17
24 47
21 47#

#
49 13
100 13
100 18
49 17#

#
77 17
80 17
80 25
77 25#

#
95 18
98 18
98 25
95 25#

#
46 25
98 25
98 31
46 31#

#
47 25
47 32
24 47
31 47#

#
49 32
52 32
52 36
49 36#

#
52 80
77 80
77 89
53 89#

#
49 72
53 72
49 89
52 89#

#
34 75
48 75
48 85
34 85#

#
39 62
85 62
85 71
39 71#

#
49 52
97 52
97 59
49 59#

#
48 37
97 37
97 46
48 46#

#
80 23
95 23
91 37
84 37#

#
81 18
95 18
95 23
80 23#

#
48 18
76 18
76 24
48 24#

#
21 14
31 14
31 23
21 23#

#
54 32
82 32
82 36
54 36#

#
30 53
48 53
48 61
30 61#

#
54 72
66 72
66 79
54 79#

#
86 60
100 60
100 79
86 79#

#
113 46
142 46
142 74
113 74
113 46#

#
140 31
163 31
169 37
169 75
145 75
145 42
140 42
140 31#

#
170 35
174 35
175 33
185 33
186 35
190 33
190 78
186 78
185 80
175 80
174 78
170 78#

#
192 49
194 49
194 40
200 35
216 35
221 40
221 49
227 51
227 59
225 59
225 68
218 74
201 74
197 68
197 58
192 57
192 49#

#
231 33
263 33
263 71
258 71
258 77
231 77
231 33#

#
101 74
106 74
105 26
176 26
176 19
102 19
102 17
166 17
166 14
168 14
170 17
181 14
196 14
182 19
182 28
263 30
263 34
130 30
130 43
109 43
110 82#
