#JALAN DI BAWAH AP5

509 387
509 492
514 499
516 388#

#Jalan di bawah M?2

307 234
315 234
311 239
311 297
307 300
307 233#

#JALAN DI ATAS AP

268 196
302 196
302 199
268 199#

#JALAN DI KANAN AP

297 199
302 199
303 225
297 225#

#JALAN DI BAWAH AP1

268 225
303 225
303 228
268 228#

#JALAN DI BAWAH AP2

444 326
502 326
501 330
444 330#

#JALAN DI BAWAH AP3

493 326
493 380
503 380
503 326#

#JALAN DI BAWAH AP4

445 373
501 373
503 379
445 380#

#jalan1

22 48
28 48
28 91
22 91#

#jalan2

29 48
97 48
97 52
29 52#

#jalan3

48 13
48 17
24 47
21 47#

#jalan4

49 13
100 13
100 18
49 17#

#jalan5

77 17
80 17
80 25
77 25#

#jalan6

95 18
98 18
98 25
95 25#

#jalan8

46 25
98 25
98 31
46 31#

#jalan9

47 32
47 25
24 47
31 47#

#jalan10

49 32
52 32
52 36
49 36#

#Jalan

101 74
106 74
105 26
176 26
176 19
102 19
102 17
166 17
166 14
168 14
170 17
181 14
196 14
182 19
182 28
263 30
263 34
130 30
130 43
109 43
110 82#

#Tunnel

170 35
174 35
175 33
185 33
186 35
190 33
190 78
186 78
185 80
175 80
174 78
170 78#

#Jalan

173 233
128 233
176 235
176 308#

#Jalan

147 290
176 290
176 288
147 288#

